config:
  gamma: 0.1292077408885913
  lr: 0.004707244812989473
  momentum: 0.4146024679993903
  step_size: 8
